151 280 30281
176 225 30899
69 223 32305
28 285 32748
26 225 33383
18 28 34566
26 127 45283
26 174 45283
26 280 45283
26 81 45283
26 4 45283
26 152 45283
26 225 45283
26 208 45283
26 9 45283
26 18 45283
26 121 45283
26 64 45283
26 30 45283
26 191 45283
26 53 45283
26 307 45283
26 298 45283
26 12 45283
26 285 45283
26 180 45283
26 69 45283
26 223 45283
26 256 45283
28 4 50654
26 127 52194
26 174 52194
26 280 52194
26 81 52194
26 4 52194
26 152 52194
26 225 52194
26 208 52194
26 9 52194
26 18 52194
26 121 52194
26 64 52194
26 30 52194
26 191 52194
26 53 52194
26 307 52194
26 298 52194
26 12 52194
26 285 52194
26 180 52194
26 69 52194
26 223 52194
26 256 52194
26 307 53193
225 26 65652
280 151 70480
280 151 71251
26 225 77249
26 225 77369
18 208 112203
18 307 112203
223 225 117245
26 225 120668
69 223 129060
307 28 131014
151 280 131152
307 180 137516
18 208 137607
180 152 141577
151 280 202598
151 280 202802
9 225 204400
28 285 205625
251 12 207507
12 251 210621
26 92 217013
180 307 219571
208 28 221592
208 28 221614
180 152 223711
151 280 289937
151 280 290117
28 285 290164
28 251 290270
53 280 291534
180 152 293031
18 208 294543
26 4 302602
280 174 303359
280 53 303359
180 152 304349
223 28 373941
180 152 379975
12 28 381143
251 28 389943
180 292 390998
53 307 552856
307 53 634267
280 174 644069
280 53 644069
176 223 647188
176 223 648001
28 9 648550
28 18 648550
28 151 648550
28 307 648550
28 285 648550
208 28 652829
208 28 652835
208 28 652860
28 12 653256
208 28 654546
225 176 664140
225 176 664334
53 280 719994
69 223 723730
280 53 725020
26 4 725959
28 9 726338
28 18 726338
28 151 726338
28 307 726338
28 12 726361
26 225 726424
180 18 727273
12 28 727607
151 280 730731
53 280 730798
151 280 731236
180 18 731343
151 54 731468
208 28 735899
30 54 737681
53 174 739070
53 280 739070
18 28 805976
280 151 806988
152 280 811347
151 280 811473
180 18 811932
280 151 813576
9 28 815691
151 280 821003
18 180 822907
26 225 833434
180 307 834851
180 307 836447
180 18 893689
180 298 894360
180 298 894632
18 307 895581
180 18 897211
69 223 897372
223 69 897776
180 298 901685
53 298 907413
30 28 909127
307 127 914807
307 18 918470
151 152 987879
152 151 1151889
152 28 1152147
9 127 1154126
28 195 1154776
28 141 1154776
28 127 1154776
28 280 1154776
28 208 1154776
28 18 1154776
28 307 1154776
28 26 1154776
28 12 1154776
28 285 1154776
28 223 1154776
26 92 1165231
28 280 1168598
28 81 1168598
28 152 1168598
28 176 1168598
28 64 1168598
28 30 1168598
28 151 1168598
28 26 1168598
28 69 1168598
28 223 1168598
151 54 1175413
69 121 1239404
28 285 1246639
30 26 1248006
26 30 1252426
81 226 1255789
53 174 1258492
4 12 1259231
12 4 1260466
4 12 1260934
12 4 1261972
4 12 1263155
152 151 1266414
26 225 1272732
9 127 1321363
30 26 1321814
26 30 1322008
208 28 1323186
208 28 1323202
4 12 1335149
12 4 1336072
4 12 1340584
28 195 1343781
12 4 1344468
4 12 1347900
9 225 1349406
9 26 1349406
26 225 1350065
26 9 1350065
225 127 1351620
225 208 1351620
225 9 1351620
225 18 1351620
225 191 1351620
225 307 1351620
225 26 1351620
225 163 1351620
225 256 1351620
208 18 1351782
26 9 1357498
26 225 1357502
26 225 1371211
53 174 1418062
53 280 1418062
151 54 1436504
26 225 1447108
26 225 1455759
151 152 1503397
208 28 1507698
28 18 1507814
28 26 1507837
4 26 1514762
208 28 1514938
26 4 1515971
26 4 1516630
26 223 1517907
256 191 1518014
223 26 1518397
26 225 1519744
26 298 1521139
26 225 1521319
298 26 1521655
1 196 1523985
26 225 1528881
225 26 1531504
26 225 1532143
26 285 1532414
307 127 1647316
307 18 1648324
307 208 1649441
307 69 1651689
307 28 1652352
208 307 1753429
223 225 1758709
307 208 1762299
152 280 1762474
69 307 1763765
69 307 1764144
28 151 1764335
28 53 1764402
307 69 1767995
28 285 1771200
307 26 1771499
26 307 1772076
26 1 1772547
26 196 1772547
307 26 1773608
26 307 1774701
307 26 1775238
4 26 1775998
298 109 1776195
26 307 1777125
280 53 1779196
225 18 1796388
53 280 1841729
280 53 1842539
280 53 1842657
53 280 1844263
180 152 1847538
307 127 1854279
307 223 1854279
223 127 1854976
223 307 1854976
223 307 1855354
307 223 1857815
225 223 1859390
223 225 1860216
208 28 1867631
307 208 1907438
307 18 1907438
307 225 1912354
307 208 1930715
307 18 1930715
180 152 1934550
18 307 1934670
152 180 1935404
307 18 1936117
208 307 1936799
180 152 1938967
151 54 1939613
151 280 1956888
151 280 1957216
151 280 1957249
26 225 2010703
223 28 2014390
26 4 2015113
151 280 2024486
26 225 2025091
26 225 2025289
151 280 2031854
208 307 2032007
26 225 2036425
26 151 2037309
1 225 2040513
176 223 2042711
151 54 2044475
225 26 2070942
225 26 2071073
225 26 2071154
225 26 2071340
225 1 2071600
225 223 2071784
9 225 2107734
9 26 2107734
26 225 2107951
26 9 2107951
81 28 2108025
176 223 2110861
223 225 2124614
225 26 2131266
26 4 2150270
18 208 2358543
18 307 2358543
81 28 2360609
151 280 2360800
30 26 2362188
26 30 2362571
208 28 2365183
223 28 2378675
223 28 2379128
81 54 2393832
223 28 2446767
174 53 2448694
223 28 2456732
81 28 2457260
151 54 2461217
26 280 2463984
26 307 2468149
26 223 2477906
26 225 2533178
223 28 2544410
18 208 2549242
223 28 2551583
223 26 2552128
26 28 2553634
28 26 2554759
225 26 2555007
26 225 2555381
225 26 2555742
26 225 2556064
298 69 2558097
53 174 2559319
307 191 2559437
191 256 2560070
208 18 2562952
53 280 2614662
280 53 2617722
223 225 2623006
223 28 2623439
180 18 2627739
180 152 2630696
180 298 2630696
53 280 2634339
53 280 2634410
151 26 2639506
151 152 2639557
26 151 2640091
152 180 2645678
256 191 2654746
191 256 2655507
225 223 2678949
81 28 2709689
180 298 2711714
180 298 2711805
223 176 2712778
26 223 2715283
280 28 2716475
280 28 2716537
152 280 2718690
223 18 2731322
223 225 2830537
53 280 2916033
280 53 2927229
225 223 2936566
208 28 2964253
69 223 2967353
151 280 2967889
151 26 2968090
151 280 2968164
4 26 2975219
151 26 2975436
26 4 2975917
26 151 2980106
180 298 2985287
223 28 2989711
223 225 2991456
225 223 3014285
223 28 3054958
176 26 3055579
26 176 3062363
223 208 3063723
208 28 3066031
30 26 3066612
26 30 3067881
30 26 3089488
208 28 3135446
151 280 3143509
151 280 3143584
26 225 3146806
180 152 3147622
28 1 3155490
298 109 3156081
53 174 3181449
225 26 3185118
53 280 3225862
280 53 3226957
180 18 3227781
53 280 3231970
28 285 3244900
28 285 3244937
176 127 3249110
223 280 3257520
81 28 3260894
30 26 3261010
26 30 3274160
174 53 3309162
26 127 3310148
26 174 3310148
26 280 3310148
26 81 3310148
26 4 3310148
26 152 3310148
26 225 3310148
26 208 3310148
26 9 3310148
26 18 3310148
26 121 3310148
26 64 3310148
26 30 3310148
26 191 3310148
26 53 3310148
26 307 3310148
26 298 3310148
26 12 3310148
26 285 3310148
26 180 3310148
26 69 3310148
26 223 3310148
26 256 3310148
223 28 3317106
223 53 3317156
30 26 3321284
26 30 3330058
12 28 3331838
180 18 3339368
223 225 3432506
225 223 3511482
223 225 3521501
225 26 3647164
225 26 3647621
223 28 3662703
191 256 3665997
298 69 3741748
223 127 3744866
223 53 3745486
223 28 3745644
208 28 3746734
223 28 3748035
28 223 3749542
26 28 3751770
174 53 3752145
174 298 3753242
180 225 3755079
30 26 3762663
26 30 3763440
12 28 3763625
18 28 3764163
81 28 3770188
81 226 3775893
30 26 3780940
26 30 3784819
225 180 3785354
18 180 3832299
151 54 3833032
151 81 3833065